File, Load time (s), Eval time (s), GC avg time (us), GC min time (us), GC max time (us), GC invocations, GC least free
sort500.lisp, 0.025499999, 1.093199968, 0.000000000, 0, 0, 3, 2028
insertionsort.lisp, 0.003199999, 0.004699999, 0.000000000, 0, 0, 0, 4096
fibonacci.lisp, 0.001300000, 2.383100032, 0.000000000, 0, 0, 46, 4015
tail_call_200k.lisp, 0.001000000, 4.514900207, 0.000000000, 0, 0, 98, 4061
tak.lisp, 0.002199999, 2.041500091, 0.000000000, 0, 0, 97, 3901
loop_200k.lisp, 0.000799999, 3.807499885, 0.000000000, 0, 0, 0, 4096
dec_cnt2.lisp, 0.001000000, 1.867499947, 0.000000000, 0, 0, 49, 4060
dec_cnt3.lisp, 0.001500000, 0.796000003, 0.000000000, 0, 0, 7, 4043
dec_cnt1.lisp, 0.001000000, 2.258199930, 0.000000000, 0, 0, 49, 4061
env_lookup.lisp, 0.028000000, 3.582600116, 0.000000000, 0, 0, 137, 2905
fibonacci_tail.lisp, 0.002099999, 0.003599999, 0.000000000, 0, 0, 0, 4096
q2.lisp, 0.002099999, 0.971700012, 0.000000000, 0, 0, 27, 3977
